[('from', array([ 0.35190147, -0.14375684, -0.11277025, -0.1603884 ,  0.07257631,
        0.0685924 , -0.08158301,  0.07730845, -0.12777804,  0.07997221,
        0.10629403,  0.11802955,  0.01393344, -0.06071029,  0.12895034,
        0.11395409,  0.13790074,  0.12751488,  0.0699363 ,  0.05194908,
        0.12209666,  0.14855304, -0.07277088, -0.18395986, -0.09475391,
       -0.13499485,  0.22536314,  0.07772052,  0.03201351,  0.09603701],
      dtype=float32)), ('select', array([ 0.37074608, -0.12441373, -0.14626238, -0.16066588,  0.10386552,
        0.08639403, -0.11743794,  0.09253053, -0.1298135 ,  0.0783364 ,
        0.15463383,  0.13681148,  0.02436192, -0.05100474,  0.14935237,
        0.16368157,  0.17051636,  0.15701342,  0.05453286,  0.03438585,
        0.15091023,  0.23418643, -0.0205228 , -0.18341984, -0.16740039,
       -0.15689802,  0.2914377 ,  0.06825706,  0.03837935,  0.12685445],
      dtype=float32)), ('where', array([ 0.42154822, -0.15389396, -0.14771381, -0.1526368 ,  0.1332904 ,
        0.14033349, -0.116056  ,  0.10607924, -0.170976  ,  0.03759884,
        0.10834411,  0.08879858,  0.07817221, -0.09241581,  0.11714631,
        0.09067917,  0.17238623,  0.1680899 ,  0.12798877,  0.11236139,
        0.21095556,  0.19697934, -0.04709151, -0.17941213, -0.02926028,
       -0.18730316,  0.30196524,  0.1363852 ,  0.0142735 ,  0.18407632],
      dtype=float32)), ('by', array([ 0.24495758, -0.081627  , -0.10873402, -0.06456327,  0.00754358,
        0.02318716, -0.19502465,  0.19892105, -0.08728512,  0.41179338,
        0.00765055,  0.18199076, -0.21794108, -0.02405052,  0.02363334,
        0.11357211, -0.06125646,  0.33596238,  0.08059374, -0.1113149 ,
       -0.04578728, -0.11813953, -0.10880047, -0.00836478, -0.10036177,
       -0.1880313 , -0.06079693,  0.02013248,  0.09803698, -0.15064855],
      dtype=float32)), ('and', array([ 0.39088383, -0.25858438, -0.00975165, -0.18158403,  0.1314215 ,
        0.18432398, -0.0920528 ,  0.206215  , -0.1737743 , -0.20228079,
       -0.00414029, -0.00945997,  0.14815037, -0.07651116,  0.08170114,
       -0.02482309,  0.30338588,  0.25280502,  0.17912975,  0.16253653,
        0.32815832,  0.3042999 ,  0.15703557, -0.07296457,  0.04416738,
       -0.33325332,  0.32931432,  0.16671698, -0.10549363,  0.331952  ],
      dtype=float32)), ('join', array([ 3.24713916e-01, -2.51073912e-02,  1.60494130e-02, -2.23307997e-01,
       -3.59066091e-02,  5.07960021e-02, -1.01226799e-01,  1.65707156e-01,
        2.78555643e-04,  1.86012138e-03,  4.65586782e-02,  2.02486858e-01,
       -8.97681192e-02,  5.77297881e-02,  1.13535546e-01,  1.68517083e-01,
        2.68153995e-01,  2.93935508e-01, -3.99862044e-03,  2.94948388e-02,
        1.20470114e-01,  1.53501853e-01,  1.57762915e-01, -1.47355393e-01,
       -2.91268051e-01, -1.67571634e-01,  9.74236131e-02,  7.84211829e-02,
        7.24283755e-02,  5.94083667e-02], dtype=float32)), ('as', array([ 0.3049285 , -0.08231163, -0.17446804, -0.12563239, -0.01561961,
       -0.04209413, -0.10172181,  0.2180592 , -0.24166007,  0.46624917,
        0.12953289,  0.1818132 , -0.05514493, -0.0486516 ,  0.03221731,
        0.04143118, -0.05523108,  0.17847176,  0.05658666, -0.14526412,
        0.02651492, -0.09839157, -0.2110306 , -0.12305162, -0.10864586,
       -0.1715215 ,  0.09472596, -0.06122902,  0.12108672, -0.15374163],
      dtype=float32)), ('on', array([ 0.3658885 , -0.13984612,  0.00808261, -0.16914414, -0.02501421,
        0.20334454, -0.03879611,  0.15037231, -0.14313799,  0.10477804,
        0.04894488,  0.00632012, -0.0338835 , -0.15077613,  0.04299627,
       -0.02486273,  0.23538895,  0.1540288 ,  0.1378338 ,  0.01618084,
        0.13313688,  0.05008875,  0.05904511, -0.24446367, -0.06082514,
       -0.35213095,  0.14933984, -0.03686946, -0.00675168,  0.10319036],
      dtype=float32)), ('or', array([ 0.41011772, -0.3110554 , -0.02491603, -0.16657893,  0.16663322,
        0.20595142, -0.13149872,  0.15518473, -0.07049885, -0.28818926,
       -0.05601139, -0.04068299,  0.12496951, -0.12579843,  0.06223129,
        0.0194299 ,  0.34115353,  0.24850257,  0.22201662,  0.22794388,
        0.37544844,  0.3560372 ,  0.13658415, -0.05086793,  0.05834226,
       -0.3502961 ,  0.25643107,  0.23784833, -0.12834468,  0.4166591 ],
      dtype=float32)), ('order', array([ 0.17863652, -0.10585311, -0.0919628 , -0.03771393,  0.00412473,
       -0.07169625, -0.21238859,  0.13057132, -0.00121681,  0.14751023,
       -0.06185367,  0.19754021, -0.09907668,  0.09421606,  0.05540187,
        0.12117613,  0.00623785,  0.28613245, -0.00920203, -0.0377486 ,
       -0.01258942,  0.02573575, -0.01291667,  0.03067658, -0.21094304,
       -0.09152004, -0.04022414,  0.11085151,  0.11121307, -0.05821674],
      dtype=float32)), ('group', array([ 0.23171453, -0.09389358, -0.16144632, -0.104688  , -0.05920459,
       -0.12093364, -0.20954627,  0.27037352, -0.16495351,  0.44382837,
        0.0793664 ,  0.23926625, -0.10997162,  0.03514252,  0.09247681,
        0.09440327, -0.06984241,  0.25523964, -0.01722661, -0.22803657,
       -0.0203138 , -0.14255774, -0.20343815, -0.04875275, -0.2106011 ,
       -0.14019422,  0.0022661 , -0.00946142,  0.12227801, -0.18706144],
      dtype=float32)), ('like', array([ 0.4236391 , -0.17582776,  0.04993585, -0.26968807,  0.11873555,
        0.21786237, -0.1036054 ,  0.13606142, -0.07432101, -0.3161379 ,
       -0.00997014,  0.04890712,  0.11403044, -0.0257601 ,  0.14482425,
        0.06111836,  0.45931   ,  0.30282867,  0.093771  ,  0.23677957,
        0.3787037 ,  0.47869807,  0.28713262, -0.1686677 , -0.13781905,
       -0.27911395,  0.35469654,  0.1844568 , -0.1095859 ,  0.377015  ],
      dtype=float32)), ('count', array([ 0.41785777, -0.13780154, -0.18956998, -0.13134861,  0.00453168,
        0.07832839, -0.17389637,  0.14680669, -0.19807002,  0.3866787 ,
        0.14813668,  0.26422834, -0.07951728, -0.0489853 ,  0.02440475,
        0.15844673,  0.08532808,  0.25939676,  0.1288384 , -0.06487656,
        0.07468614, -0.02369428, -0.17790088, -0.1484829 , -0.11323015,
       -0.18315548,  0.13283217,  0.08637181,  0.13792205, -0.00476279],
      dtype=float32)), ('desc', array([ 0.1257343 , -0.11424914, -0.05581969, -0.06302451, -0.08701593,
       -0.01593783, -0.13888055,  0.3083519 , -0.16784795,  0.27532646,
       -0.08629772,  0.07624738, -0.13550957, -0.06349074,  0.05141289,
       -0.08512945, -0.07309021,  0.23145147,  0.02178614, -0.18384598,
       -0.017914  , -0.19826566, -0.07618183, -0.02454666, -0.02984658,
       -0.2481931 , -0.05741853, -0.06430662, -0.0118171 , -0.10697025],
      dtype=float32)), ('natural', array([ 0.28369856, -0.17482543, -0.11866756, -0.04860651,  0.06015868,
        0.12278949, -0.19764656,  0.06300246, -0.06646646,  0.09807795,
        0.02909285,  0.15426257,  0.00705008, -0.03231602,  0.001925  ,
        0.11078287,  0.13215965,  0.20166105,  0.1472774 ,  0.01999158,
        0.16647327,  0.13923877, -0.09686787, -0.02057961, -0.01128212,
       -0.16132323,  0.1010028 ,  0.14330807,  0.03182996,  0.14222687],
      dtype=float32)), ('in', array([ 0.4078014 , -0.176798  , -0.05441053, -0.1932983 ,  0.12006725,
        0.14467515, -0.07936772,  0.14760268, -0.19863465, -0.10166362,
        0.1281563 ,  0.02127451,  0.14461951, -0.05864697,  0.08239717,
        0.0533204 ,  0.28143978,  0.15683912,  0.13984957,  0.11564235,
        0.32547352,  0.27426958,  0.05657455, -0.10884283, -0.01518561,
       -0.2557329 ,  0.3607103 ,  0.11651257, -0.02535004,  0.28020403],
      dtype=float32)), ('distinct', array([ 0.36195838, -0.10789428, -0.03210874, -0.1839958 ,  0.05767415,
        0.19907479, -0.07102085,  0.07998508, -0.09704695, -0.0159267 ,
        0.07405541,  0.05415427,  0.04241108, -0.10601316,  0.1062643 ,
        0.06557139,  0.28602317,  0.1538521 ,  0.09766563,  0.11244749,
        0.1748093 ,  0.2317213 ,  0.06311382, -0.23676784, -0.06474303,
       -0.21850148,  0.2282084 ,  0.08504274, -0.01231051,  0.16703677],
      dtype=float32)), ('c', array([ 0.3953604 , -0.12730165, -0.07379416, -0.1870578 ,  0.04548711,
        0.14992434, -0.05371547,  0.11303441, -0.09763775, -0.00987333,
        0.05736986,  0.08790485,  0.04425958, -0.0848197 ,  0.12102894,
        0.08384936,  0.25710967,  0.15791835,  0.07877791,  0.09976023,
        0.17962341,  0.2204765 ,  0.05064329, -0.21643022, -0.13235769,
       -0.23704162,  0.2382109 ,  0.06932086,  0.01173753,  0.17349115],
      dtype=float32)), ('sum', array([ 0.02975378, -0.15235633, -0.18150075,  0.09229079, -0.08043483,
       -0.19339949, -0.40353814,  0.24891858, -0.05900486,  0.75334096,
       -0.09711153,  0.40538737, -0.40779135,  0.13853526, -0.17757657,
        0.11662977, -0.40886933,  0.4948404 ,  0.11649022, -0.3955075 ,
       -0.33291864, -0.5780504 , -0.41255906,  0.40995663, -0.09001122,
       -0.05681094, -0.4998083 ,  0.11341703,  0.25892308, -0.44029808],
      dtype=float32)), ('inner', array([ 0.32498154, -0.01114239, -0.02589627, -0.21078587, -0.0275762 ,
        0.15843795, -0.00315056,  0.13320333, -0.08325738,  0.09498975,
        0.05106319,  0.08163878, -0.09564278, -0.1134647 ,  0.17936529,
        0.05703266,  0.2218908 ,  0.14504634,  0.0085385 ,  0.04273333,
        0.03466829,  0.1280736 ,  0.11476157, -0.34253773, -0.23215313,
       -0.22850983,  0.15758   , -0.01744437,  0.07785883,  0.04826598],
      dtype=float32)), ('left', array([ 0.34833255, -0.19266829,  0.06249419, -0.2111417 , -0.18890825,
        0.22391975, -0.05273593,  0.28762004, -0.26500034,  0.21755897,
       -0.00196936,  0.04372115,  0.03761991, -0.14517768, -0.11882564,
       -0.11311568,  0.20750867,  0.18800962,  0.22051331,  0.00552485,
        0.09841733, -0.11111028,  0.04595192, -0.19468027,  0.05098286,
       -0.4464063 ,  0.00688154, -0.00665088, -0.01931396, -0.01937301],
      dtype=float32)), ('having', array([ 0.23812978, -0.14403543, -0.12919155, -0.02507866, -0.09522513,
       -0.22277874, -0.33954686,  0.48936406, -0.22866169,  0.65890044,
       -0.04657446,  0.22981729, -0.23124087,  0.02844335, -0.10656684,
       -0.07397621, -0.25196236,  0.4827591 ,  0.05443517, -0.37540495,
       -0.00830994, -0.3669659 , -0.31340322,  0.2735757 , -0.08603648,
       -0.35393772, -0.27945706, -0.06013268,  0.17188634, -0.36860654],
      dtype=float32)), ('asc', array([ 0.07655507, -0.07266808, -0.00935343, -0.03616468, -0.03949589,
       -0.12841354, -0.22965156,  0.3287613 , -0.08259959,  0.3191478 ,
       -0.05937143,  0.16275524, -0.1690367 ,  0.07212473, -0.05508195,
       -0.0349266 , -0.14982189,  0.36898264,  0.01220394, -0.23997718,
       -0.02036489, -0.24774733, -0.13509706,  0.2517441 , -0.056435  ,
       -0.19384725, -0.18630229, -0.02543364,  0.06536363, -0.23294224],
      dtype=float32)), ('min', array([ 0.15280959, -0.03747961, -0.18138303,  0.00716532, -0.02053206,
       -0.00770483, -0.10187984,  0.02672001, -0.01098405,  0.37644503,
        0.05442644,  0.1515309 , -0.16262859, -0.01199377,  0.00722322,
        0.14494984, -0.12314501,  0.12622441,  0.02898202, -0.11221216,
       -0.13811345, -0.1337246 , -0.15700552, -0.05921133, -0.1034572 ,
       -0.00333034, -0.0632827 ,  0.02879632,  0.13419536, -0.17020363],
      dtype=float32)), ('a', array([ 0.2810537 , -0.1315318 , -0.06935482, -0.1093967 , -0.01390112,
        0.01282003, -0.13707028,  0.20945044, -0.16994683,  0.26574352,
        0.04259663,  0.1213178 , -0.05647157, -0.01857628,  0.0254715 ,
        0.03903328,  0.03434801,  0.2582001 ,  0.10010748, -0.07142205,
        0.06519914, -0.04469581, -0.07032815, -0.01788565, -0.03804734,
       -0.22560121,  0.03328726,  0.02500454,  0.05804028, -0.04678952],
      dtype=float32)), ('outer', array([ 0.3152585 , -0.20177563,  0.10067651, -0.22868742, -0.18680896,
        0.10847907, -0.08011732,  0.43463808, -0.30396268,  0.26380327,
        0.02040778,  0.01681674,  0.06925739, -0.0959743 , -0.11116342,
       -0.20077331,  0.13861147,  0.27562815,  0.14878803, -0.12833028,
        0.21784785, -0.18145166, -0.00222235, -0.05746866,  0.06357082,
       -0.5309434 , -0.01642291, -0.14506854, -0.03428961, -0.09070516],
      dtype=float32)), ('exists', array([ 0.3141534 , -0.13735813,  0.0323288 , -0.19056314,  0.06165764,
        0.18540134, -0.03008264,  0.13474332, -0.11637515, -0.22190586,
        0.00467148, -0.01719736,  0.12717667, -0.10811988,  0.10049915,
       -0.02445409,  0.3478756 ,  0.15083887,  0.09773692,  0.1684499 ,
        0.2844172 ,  0.3035155 ,  0.20082194, -0.18158716, -0.04352954,
       -0.28564993,  0.2760073 ,  0.08420442, -0.11833715,  0.27791294],
      dtype=float32)), ('temp', array([ 0.32784244, -0.19626904, -0.23338062, -0.05400605, -0.03727089,
       -0.0276065 , -0.2374188 ,  0.24638253, -0.19482012,  0.55887145,
        0.08179718,  0.26098493, -0.187305  ,  0.0025828 , -0.04305425,
        0.10718925, -0.09225874,  0.33483493,  0.11621561, -0.19004636,
       -0.06763118, -0.16959502, -0.26129252,  0.01113174, -0.0805746 ,
       -0.19844706, -0.03991816,  0.07399169,  0.1686953 , -0.17972073],
      dtype=float32)), ('between', array([ 0.34177393, -0.21321216,  0.01364794, -0.16808656,  0.1158448 ,
        0.15653433, -0.04290627,  0.15201181, -0.18332933, -0.22428636,
        0.04430436, -0.04299025,  0.19342382, -0.08429301,  0.03690598,
       -0.04426884,  0.28582254,  0.14493677,  0.14233884,  0.18252909,
        0.38676372,  0.31800264,  0.0885134 , -0.06294829,  0.09397177,
       -0.26422593,  0.32875028,  0.11633322, -0.10317365,  0.31445032],
      dtype=float32)), ('any', array([ 0.3103691 , -0.12856296, -0.20026737, -0.05105358,  0.07600802,
        0.04235817, -0.16962637,  0.04396648, -0.06008203,  0.22954287,
        0.09498807,  0.19887288, -0.0585533 , -0.01591408,  0.11178929,
        0.21360093,  0.04553462,  0.21800186,  0.08072058,  0.00061519,
        0.04006763,  0.05630393, -0.14113395, -0.10269372, -0.13700818,
       -0.07237644,  0.10680924,  0.15176943,  0.07175406,  0.042925  ],
      dtype=float32)), ('right', array([ 0.34745926, -0.17704815, -0.03897248, -0.18496773, -0.04368182,
        0.09920881, -0.13402632,  0.24483626, -0.20462215,  0.18371102,
        0.03782691,  0.12079345, -0.01298067, -0.0770121 ,  0.02657578,
       -0.00861347,  0.15417454,  0.25346303,  0.13176382, -0.03487066,
        0.16396435,  0.0117447 , -0.0180061 , -0.08547819, -0.03553589,
       -0.32949457,  0.10673754,  0.02796181,  0.00310795,  0.02212352],
      dtype=float32)), ('all', array([ 0.206647  , -0.09085043, -0.11429302, -0.07862893, -0.00272138,
        0.01353067, -0.12372877,  0.1225573 , -0.08026706,  0.21734932,
        0.04980817,  0.12488296, -0.06443059, -0.02559869,  0.01856735,
        0.09226982,  0.00981699,  0.16204125,  0.08032776, -0.0436708 ,
        0.01236712, -0.01104656, -0.09721862, -0.00764619, -0.04367045,
       -0.11258158,  0.02124589,  0.07045181,  0.07468263, -0.03159753],
      dtype=float32)), ('max', array([ 0.38104054, -0.25463122, -0.22751117, -0.10998972, -0.0172205 ,
        0.0122334 , -0.2689181 ,  0.2575733 , -0.23464103,  0.53531605,
        0.09971312,  0.30741704, -0.13394429, -0.05234688, -0.03384501,
        0.13361992, -0.09326589,  0.3730554 ,  0.16230504, -0.14275989,
       -0.02144581, -0.15257163, -0.29423577, -0.01143363, -0.09996176,
       -0.26599303, -0.01815948,  0.11318775,  0.17089404, -0.14270416],
      dtype=float32)), ('avg', array([ 0.22060907, -0.12398248, -0.13818367, -0.03063966,  0.07855003,
        0.03579013, -0.09349599,  0.03421663, -0.06658819,  0.15185505,
        0.06339484,  0.12197978, -0.01596485, -0.02467491,  0.01716512,
        0.11354833,  0.03610525,  0.1261127 ,  0.07392839,  0.00089572,
        0.02361975,  0.04982748, -0.10637636, -0.03918292, -0.05749349,
       -0.06569362,  0.09748011,  0.07915692,  0.06198045,  0.03175282],
      dtype=float32)), ('union', array([ 0.17030276, -0.07518167, -0.02581073, -0.09694713,  0.02258227,
        0.07641195, -0.04127597,  0.05443789, -0.05025274, -0.00095447,
        0.04011514,  0.01000023,  0.0092347 , -0.04134092,  0.05616551,
        0.01224199,  0.12691285,  0.06476223,  0.02673971,  0.04839255,
        0.1145502 ,  0.12942936,  0.02797709, -0.10962678, -0.02995788,
       -0.11281665,  0.12378135,  0.02366384, -0.00056101,  0.10663157],
      dtype=float32)), ('not', array([ 0.45984685, -0.24336767, -0.10362766, -0.19309011,  0.04041026,
        0.09937683, -0.18490764,  0.25580117, -0.20210655,  0.22164355,
        0.05616458,  0.15091062, -0.00239608, -0.07765461,  0.04057537,
        0.07345451,  0.14053988,  0.34378368,  0.15286478, -0.01643102,
        0.19518135,  0.06031287, -0.06501012, -0.0480535 , -0.05739823,
       -0.34181988,  0.16838305,  0.09355324,  0.04647228,  0.0982129 ],
      dtype=float32)), ('name', array([ 0.35559747, -0.2078629 , -0.08922981, -0.15321977,  0.00098031,
        0.04886992, -0.17046545,  0.24786618, -0.19562835,  0.27624726,
        0.05821357,  0.14900935, -0.0599354 , -0.06438641,  0.02272116,
        0.02331923,  0.06628553,  0.3232492 ,  0.13449001, -0.08357272,
        0.10152446, -0.03320039, -0.10303628, -0.02925864, -0.06301748,
       -0.27706504,  0.05190868,  0.0462318 ,  0.051485  , -0.007197  ],
      dtype=float32)), ('coalesce', array([ 0.29137418, -0.14663765, -0.05458304, -0.12601611, -0.01800026,
        0.03988561, -0.11789286,  0.2627758 , -0.17652324,  0.22687863,
        0.02987993,  0.09482224, -0.01821345, -0.06492307,  0.00665777,
       -0.02709564,  0.07630595,  0.26077604,  0.10840214, -0.08292958,
        0.11120924, -0.05199706, -0.05940789, -0.02924123, -0.03996877,
       -0.26557228,  0.05269188,  0.01410059,  0.01253459, -0.0159157 ],
      dtype=float32)), ('mod', array([ 0.24623294, -0.13423161,  0.01481203, -0.12826088,  0.02342301,
        0.12962893, -0.0567248 ,  0.10507525, -0.07534716, -0.04806941,
       -0.00642565,  0.03230341,  0.03730765, -0.0663738 ,  0.04620233,
        0.03626888,  0.20714857,  0.153742  ,  0.07875836,  0.09284455,
        0.144357  ,  0.1718983 ,  0.10800207, -0.11054711, -0.02179551,
       -0.19521284,  0.13086477,  0.07949837, -0.02314281,  0.16973281],
      dtype=float32)), ('cast', array([ 0.48097393, -0.26294068, -0.08544062, -0.23290569,  0.05622649,
        0.11761106, -0.18364939,  0.35835782, -0.23351057,  0.14654358,
        0.03050263,  0.13343145,  0.00507159, -0.08193952,  0.04474066,
        0.00594045,  0.20524636,  0.3610877 ,  0.15807128,  0.00188421,
        0.2931444 ,  0.12114164, -0.03664587, -0.07694803, -0.09054989,
       -0.40604618,  0.20327175,  0.08821127,  0.00969333,  0.10147103],
      dtype=float32)), ('char', array([ 0.44939685, -0.22272609, -0.05801342, -0.23173922,  0.04507624,
        0.09559856, -0.17432338,  0.33255282, -0.20486413,  0.12734683,
        0.02837066,  0.12604395,  0.01282671, -0.08031838,  0.05220165,
       -0.01338709,  0.19305511,  0.35255703,  0.13338482,  0.02641132,
        0.27544168,  0.14018628, -0.02386109, -0.06627101, -0.09412233,
       -0.39240637,  0.19050762,  0.0762333 ,  0.01617292,  0.10607474],
      dtype=float32)), ('g', array([ 0.25454932, -0.1190803 , -0.04557034, -0.1027751 ,  0.01289281,
        0.0295791 , -0.125485  ,  0.20824377, -0.12596692,  0.15787216,
        0.02131072,  0.08971543, -0.00507572, -0.03853594,  0.00847271,
        0.00563571,  0.07487284,  0.22862571,  0.09598266, -0.01790744,
        0.11271346,  0.02192919, -0.05197982, -0.03693426, -0.04825671,
       -0.23598692,  0.09390249,  0.05024618,  0.02807229,  0.01478976],
      dtype=float32)), ('substring', array([ 0.35054618, -0.16768013, -0.06802263, -0.16134685,  0.01979403,
        0.0851507 , -0.15522808,  0.21638492, -0.14942649,  0.11207233,
        0.03090671,  0.11605382, -0.01252623, -0.06388632,  0.05379142,
        0.0238727 ,  0.16408427,  0.2575992 ,  0.11210722,  0.01405768,
        0.16069938,  0.07269576, -0.00213597, -0.06689902, -0.04788551,
       -0.25653014,  0.1203772 ,  0.06175105,  0.00429235,  0.09138297],
      dtype=float32)), ('m', array([ 0.19955821, -0.08653995, -0.08335315, -0.08625665, -0.00205525,
        0.00840666, -0.12632287,  0.18272913, -0.11268493,  0.21460354,
        0.03012441,  0.09703388, -0.04438495, -0.01647904,  0.01764256,
        0.0115902 ,  0.02174145,  0.17256862,  0.04462673, -0.06293412,
        0.04330263, -0.04007272, -0.07230772, -0.03538832, -0.05628168,
       -0.163034  ,  0.01170217,  0.01051561,  0.06016136, -0.05337914],
      dtype=float32)), ('number', array([ 0.561023  , -0.29079363, -0.13090663, -0.23976332,  0.00412305,
        0.09812867, -0.25310245,  0.36808923, -0.2939174 ,  0.33295178,
        0.06758341,  0.20344926, -0.03624052, -0.09274662,  0.02820688,
        0.04830448,  0.14777847,  0.4315112 ,  0.20135556, -0.08451232,
        0.20530719,  0.03880711, -0.11906767, -0.07063954, -0.08054379,
       -0.43571833,  0.15595128,  0.09070127,  0.08573017,  0.03852943],
      dtype=float32)), ('of', array([ 0.5916478 , -0.30475026, -0.14355987, -0.28986502, -0.00694469,
        0.09597926, -0.288121  ,  0.45599052, -0.35003445,  0.41328144,
        0.09639671,  0.23568332, -0.03229105, -0.1009587 ,  0.01304694,
        0.00158117,  0.17039339,  0.48857704,  0.19484994, -0.11779113,
        0.24362475, -0.00435182, -0.11900278, -0.07478013, -0.086037  ,
       -0.5235182 ,  0.1741551 ,  0.08320346,  0.07742303, -0.01078242],
      dtype=float32)), ('new', array([ 3.42090189e-01, -1.82193309e-01, -5.96813671e-02, -1.59861952e-01,
        1.20958117e-04,  7.71611556e-02, -1.26641810e-01,  2.68690497e-01,
       -1.90322399e-01,  1.29700229e-01,  1.05368886e-02,  7.31681287e-02,
        2.83155441e-02, -4.09220979e-02,  1.36150429e-02, -1.90947261e-02,
        1.24566533e-01,  2.54439861e-01,  1.31116062e-01, -2.46059280e-02,
        1.93685517e-01,  3.44682820e-02, -1.89074781e-02, -1.52328415e-02,
       -1.33199943e-02, -3.00680906e-01,  1.23533979e-01,  5.82139567e-02,
        1.18037751e-02,  6.04896843e-02], dtype=float32)), ('else', array([ 0.7489711 , -0.37509868, -0.22934176, -0.26073927,  0.05534766,
        0.06978438, -0.3785666 ,  0.44925454, -0.31230047,  0.55077976,
        0.1144717 ,  0.32863846, -0.13779555, -0.06027834,  0.06125313,
        0.15115416,  0.1340698 ,  0.63277614,  0.29062858, -0.12898701,
        0.18827948, -0.01455694, -0.2165397 , -0.03321764, -0.16835268,
       -0.5190961 ,  0.15452226,  0.16832013,  0.16201277, -0.00629252],
      dtype=float32)), ('then', array([ 0.758134  , -0.37562457, -0.21842758, -0.2867553 ,  0.05931573,
        0.08904585, -0.37698314,  0.49644408, -0.33339262,  0.5559156 ,
        0.10678002,  0.34363165, -0.11356694, -0.08179071,  0.04199611,
        0.12072019,  0.14722155,  0.63699186,  0.28839988, -0.12340089,
        0.2439437 , -0.01787904, -0.21277894, -0.06053119, -0.17115447,
       -0.5609895 ,  0.1720197 ,  0.14713891,  0.11461737,  0.02318342],
      dtype=float32)), ('for', array([ 0.47112092, -0.2560284 , -0.19039744, -0.14310919,  0.02543062,
        0.03454222, -0.2910765 ,  0.2938459 , -0.21009958,  0.43235466,
        0.06747285,  0.24074627, -0.1129617 , -0.05700624,  0.0020536 ,
        0.09619167,  0.04491759,  0.43095857,  0.20639734, -0.12124702,
        0.07952172, -0.07212345, -0.18936516,  0.00520937, -0.09085061,
       -0.34662473,  0.03827682,  0.11955251,  0.12320923, -0.02652472],
      dtype=float32)), ('to', array([ 0.5310307 , -0.2960954 , -0.15435755, -0.20724684,  0.01319274,
        0.07672217, -0.28304294,  0.37038362, -0.24049878,  0.40664515,
        0.05240928,  0.2201677 , -0.09425076, -0.06951463,  0.02342854,
        0.06359299,  0.10091975,  0.4612094 ,  0.21500053, -0.08063328,
        0.14425853, -0.02072628, -0.1474688 , -0.02186276, -0.07442627,
       -0.41395724,  0.09490377,  0.11067225,  0.0879905 , -0.00548885],
      dtype=float32)), ('case', array([ 6.1311120e-01, -3.1772360e-01, -1.8343237e-01, -2.1864329e-01,
        2.6167329e-02,  4.6311695e-02, -3.2350817e-01,  3.8849685e-01,
       -2.5933331e-01,  4.3798068e-01,  9.4732061e-02,  2.5649542e-01,
       -7.9891115e-02, -5.2550822e-02,  6.0588442e-02,  1.1511767e-01,
        9.3608029e-02,  5.2126455e-01,  2.0305608e-01, -9.6199133e-02,
        1.8751405e-01,  1.1968432e-02, -1.6288339e-01, -2.8325018e-02,
       -1.3709497e-01, -4.2255348e-01,  1.2855849e-01,  1.2697195e-01,
        9.6068494e-02, -2.2106274e-04], dtype=float32)), ('when', array([ 0.63877094, -0.34479544, -0.19498743, -0.24007994,  0.04611698,
        0.06559952, -0.34557498,  0.41743255, -0.29629663,  0.50262994,
        0.06863915,  0.30364203, -0.1062403 , -0.05391823,  0.02885738,
        0.098336  ,  0.09144848,  0.55296904,  0.25212637, -0.12330651,
        0.19420558, -0.03853253, -0.18217616, -0.01401732, -0.11857974,
       -0.46536478,  0.11372991,  0.15772551,  0.13650946, -0.02141883],
      dtype=float32)), ('end', array([ 0.6462109 , -0.32027835, -0.19931246, -0.2343159 ,  0.04391392,
        0.07526895, -0.31685537,  0.40576193, -0.28326616,  0.50045466,
        0.07185484,  0.27889386, -0.09125946, -0.05839815,  0.03014409,
        0.10660642,  0.09932835,  0.5437488 ,  0.23533203, -0.11596513,
        0.1954331 , -0.04731712, -0.17886326, -0.03426219, -0.10576088,
       -0.47050774,  0.11216417,  0.13355622,  0.11027355, -0.00918805],
      dtype=float32))]